983
946
1274
1936
1430
346
1925
313
471
923
1334
1002
1618
1991
1885
1584
1817
186
1926
877
229
1512
390
1480
1361
769
1880
959
923
1982
548
327
851
1260
340
709
1958
528
1231
318
627
1434
251
1069
1050
1539
1741
1025
1589
1111
448
670
989
1541
341
1804
867
1226
626
1186
1681
291
507
698
180
731
1722
1683
1748
1802
1992
883
546
793
518
956
114
1759
965
554
1370
838
564
321
1448
191
670
1955
448
1339
1669
939
1968
875
1298
1856
338
1992
1004
1587
887
1687
1729
1976
1259
1744
742
1627
208
1302
1298
1688
994
1359
692
1916
295
1629
1774
337
323
1581
1922
208
1058
700
208
581
1072
1688
790
705
1820
1042
1359
886
1178
1039
299
1544
932
1700
370
1721
1023
572
1018
231
477
502
1385
632
446
1138
521
1629
1582
519
1815
1377
1410
424
1748
166
844
160
587
1082
1891
1296
531
916
1792
1928
656
1866
398
891
1595
1299
146
851
634
392
597
1353
816
1985
1470
1972
338
1622
657
421
1964
949
1863
1671
165
901
1821
137
1548
1605
1946
1040
973
1463
692
1538
1993
1945
1807
1995
1792
641
1735
834
325
711
560
1432
1091
1714
750
354
1393
1430
732
589
1434
157
1118
1955
625
1618
1911
1780
1729
1873
1306
544
647
744
1818
341
569
529
1751
800
235
1890
1044
413
1478
628
1908
1413
1304
834
464
867
1176
686
660
991
1058
159
1305
1628
123
231
1470
1357
1115
374
792
786
423
229
714
1727
1247
849
871
1410
845
1713
921
245
936
1036
1178
741
1920
546
609
158
1307
1985
203
1848
101
848
1596
1430
1667
1906
1252
1060
1152
486
774
455
1030
369
889
656
1132
1286
1822
815
845
1406
1643
784
1181
271
1855
1625
698
747
1134
790
1047
555
922
1730
1891
1561
1020
1678
341
1620
1110
234
471
1627
1408
519
1520
1393
1410
642
1551
165
1086
555
1323
966
1312
1573
1230
447
1832
1042
1036
1458
1322
583
1693
107
273
792
1325
1174
1532
1577
424
398
484
456
1332
402
1923
1210
1447
1083
638
1950
1046
1411
333
1143
1064
1486
1484
1826
1090
1437
142
1729
1398
1416
647
1691
1977
614
1225
1453
1062
455
1789
1806
1934
503
1525
911
1336
627
534
1598
645
409
1095
1188
130
1859
1185
1802
1019
1844
715
1466
744
1251
1880
496
211
1881
1461
1797
171
1973
1487
645
1482
212
1561
652
1344
1361
1014
817
459
1237
707
1821
675
1666
680
1062
678
253
1398
153
790
1279
1361
1371
789
886
985
1803
1559
270
907
1988
177
965
752
146
111
801
874
911
614
945
905
1867
1914
1850
1073
588
1063
1418
1279
1115
110
1113
1740
858
1458
1167
627
925
395
467
1929
1331
713
874
1356
721
398
659
363
266
285
1956
1707
410
1125
304
670
347
1410
708
1079
1779
1946
764
868
1542
561
1585
591
680
1224
1831
1184
308
1222
623
1655
1063
226
1047
735
1509
783
566
1960
498
1610
1923
1585
1742
1002
672
1345
639
357
443
502
387
1833
1122
1268
1394
948
578
113
1443
1331
372
1110
472
1642
1924
350
2000
1115
1697
791
1088
1834
493
1682
1808
810
628
1455
701
1220
759
404
399
1002
685
1872
205
1495
1374
1061
1539
808
1401
1366
856
503
196
1921
1884
1428
1792
1857
397
1129
1507
281
372
400
1371
515
1328
778
1620
1889
1218
1635
305
999
1112
503
581
1225
640
564
1215
1445
1486
1588
1673
1916
1746
1463
1667
493
156
145
800
1863
593
1929
917
1265
245
941
1879
477
1567
194
1586
775
1223
1635
1110
156
673
1554
242
1548
1791
490
1056
708
1702
200
1714
1815
354
1751
208
1053
1720
993
1656
471
490
1037
1591
1296
959
1434
1806
1157
611
363
1371
1667
202
1621
1386
258
915
1821
1402
1025
757
1919
996
1169
1242
1179
966
988
1631
936
1300
879
660
362
209
423
1341
1198
813
1931
1055
182
1073
166
127
103
1420
237
1061
