2  3
12  25  45
56  98  23
3  4
1  1  7  7
4  6  1  -2
2  1  0  2
4  5
1  2  4  6  6
6  3  4  6  8
3  8  92  8  34
9  8  4  2  7 
5  4
39  12  42  19
53  85  19  57
41  982  361  6
13  98  654  9
57  2  103  112
3  5
67  89  9  54  65 
76  98  54  32  78
98  87  7  6  54
9  4
7665  875  752  9878
753  69  5321  679
7665  887  809  623
452  671  6  749
64   3412   729   3839
67   54   438   2034
98   76   1454   1523
98   67   45   3434
7878   5454   2011   1981
13  12
23  -56   87   34   12   95  80   98   55  -13  102   74  
58   71  -85  102  -41   93   45  -27   66   72  107   61  
16  -34  115   87   38  -52   94  112  -43  101   35   41  
-25   59   62   89   47   54   22  -33   78   93  114   82  
71   97  -42   61   55   83   48  -91   69  101   56  -13  
-18   94   61  -40   89   22  6   33   44  110   72  -61  
54   81   13   99  -61  2   26   41   87  108   14   63  
30   62   45  115   64   2   23   68  -49   76   53   72  
18   99  -75   53   85   4  -27  107   50   61   37   116  
81   95   22   78   88   30   41  -45   61  116   83   62  
73  -44   85  -36  107   1   23   420   94   28   52  110  
82   77   49  103   51   59   89  -20   58   39  -319   87  
100  -39   641  140   221   58  -19   92  315   86   156  -131  
18  6
238   96  -134   56   77  -151  
145   82   -67   42  102  -209  
55   173  -113   61  190  -188  
162  -24    58   33   79  -121  
214   95   -56   70   82  -178  
13   89  -45    90   39  -102  
121   58   -67  140   85  -173  
68   108  -93   35  115  -150  
54   72  -112  86   115  -125  
76   191  -63   48  112  -200  
185   90   -30  110   61  -138  
99   154   -125  72   136  -168  
175  -18    45  63   85  -220  
62   102   -67  95   53  -178  
48   134   -98   79   87  -151  
121   56   -135  44   128  -178  
159   101  -92   76   98  -190  
78   652   89    76    98   76
10  10
874   232  -199   405   876   542   943  -372   312   672
194  -301   629   800   389   581   643   453   986  -470 
506   91   -667  964   328   467   92   755   162   801 
231   567   345   207   676   913   402   24   -784  798 
-186   234   108   299   155   598   973  -307   859  396 
479   60   215   877  -545  976   681   283  -459   167
712   980   103  -214  -466  -323  512  -198   465   397 
407   761   194   115   925  -903   809   424   507   902 
352  -384   458   722  -230   751   214  -708   924   847  
-764   268   516   182   329   464   745   589  -307   217  
5  6 
414   324   173   1   89   928
1045   513   229   12   132   872
153   213   441   21   123    982
1032   546   312   32   354   827
1043   123   132   1221   1021   78 